# Yellow Line
0 1 1.5 2.5 y
1 0 1.5 2.5 y
1 2 1.5 2.5 y
2 1 1.5 2.5 y
2 3 1.5 2.5 y
3 2 1.5 2.5 y
3 4 1.5 2.5 y
4 3 1.5 2.5 y
4 5 1.5 2.5 y
5 4 1.5 2.5 y
5 6 1.5 2.5 y
6 5 1.5 2.5 y
6 7 1.5 2.5 y
7 6 1.5 2.5 y
7 8 1.5 2.5 y
8 7 1.5 2.5 y
8 9 1.5 2.5 y
9 8 1.5 2.5 y
9 10 1.5 2.5 y
10 9 1.5 2.5 y
10 11 1.5 2.5 y
11 10 1.5 2.5 y
11 12 1.5 2.5 y
12 11 1.5 2.5 y
12 13 1.5 2.5 y
13 12 1.5 2.5 y
13 14 1.5 2.5 y
14 13 1.5 2.5 y
14 15 1.5 2.5 y
15 14 1.5 2.5 y

# Red Line
11 16 1.5 2.5 r
16 11 1.5 2.5 r
16 17 1.5 2.5 r
17 16 1.5 2.5 r
17 18 1.5 2.5 r
18 17 1.5 2.5 r

# Violet Line
11 19 1.5 2.5 v
19 11 1.5 2.5 v
19 20 1.5 2.5 v
20 19 1.5 2.5 v